-604640866504835789
-604719859504837784
-604618303504775195
-604896906504660178
-604802779504692841
-604809043504783690
-604803624504786122
-604656959504749209
-604522810504748515
-605493060504488597
-604997404504622578
-605237667504470866
-605746560504388348
-605292579504481436
-604794954504710359
-604525276504638148
-605513899504060429
-605595231504138370
-605488044504181110
-604638841504815771
-604991514504769314
-604545232504909396
-604559778504740590
-604557026504758773
-604642270504776202
-605013537504604074
-605351161504594816
-605213455504471677
-605236668504478835
-605633476504471293
-605046643504469752
-605795037504327632
-605799296504441392
-605458213504163621
-605269013504104000
-605631341504308577
-605195966504303679
-605498863504252413
-604234447504885184
-604610639504784588
-604609233504770877
-604527708504824863
-604694800504675942
-604958307504524080
-605068600504425040
-605188169504533929
-605654477504404747
-604553615504578567
-605569103504434554
-605579695504370125
-605531577504573148
-605457474504071879
-605378480504160075
-605669475504178561
-604593604504906849
-604398011504716402
-604569447504900489
-604706012504801872
-604335708504692508
-605462352504590755
-604508109504635450
-605280662504420471
-605357063504559599
-604936473504620425
-605447196504480021
-605611550504468476
-605417853504157223
-605350249504270154
-605030491504312295
-605383464504121122
-605187667504196080
-605550604504286072
-605504926504257171
-605447648504176316
-604648496504846869
-604951504504787966
-604805921504685836
-604564787504876375
-604446888504872169
-604736529504827087
-604917894504329971
-605602377504339719
-604365940504956630
-605343213504434489
-605559121504381398
-605373328504244769
-605475541504027782
-604610298504818972
-604883091504651477
-604718898504773966
-604690328504877462
-604716036504816321
-604935210504491625
-605031250504548416
-604996512504490123
-605477810504316370
-604845227504556660
-605227832504089295
-605514280504094354
-604696441504787374
-604681208504802857
-604530813504910069
-604650106504886246
-604589233504950712
-604592883504821028
-604338256504698333
-605673555504328202
-605041581504321594
-605821281504458278
-605308773504320231
-605143653504484046
-605074633504509626
-605507256504310953
-604501968505024307
-604501860504791402
-604555016504883472
-604557835504827848
-605553961504346150
-604800919504597788
-605233575504440420
-605236212504447147
-605079110504432797
-605334194504423696
-605865060504429235
-605552711504369371
-605408744504113587
-605362157504301862
-605247139504143165
