-604087087505466111
-604037762505391645
-603238782505506165
-605588800505628881
-603607355505552616
-605320105505353196
-604288218505662084
-604836537505720938
-605306306505685275
-605338216504687133
-604177666504833912
-605634632504783990
-605569017504805328
-604104526504753601
-605844339504611390
-604198638504376624
-604737182504497281
-604488991504592183
-604477364504591697
-603757051504523672
-604470106504230750
-604000544503966817
-603986178504269839
-606178231503978953
-603426600503807785
-604957348503805796
-604852701503877356
-606231484505065174
-604115974505158368
-603911524505186233
-603947141505579178
-605797755505607624
-604050238505360851
-604351878505623204
-605196452505715368
-605293669505697151
-605485450504697693
-603479480504827506
-605981893504656673
-603933390504897012
-603702917504911677
-605278514504761303
-605958186504724054
-604007001504941626
-606074745504499684
-603431108504490794
-604435967504449890
-605981948504219484
-606023582504114917
-604722116504098095
-605855768504232273
-604162951504038016
-605283484504034031
-604473166503914479
-605269648503871741
-605307042505151980
-606019891505316251
-603744017505315853
-605107551505219223
-603971994505183636
-604010146505142955
-603468712505146008
-604062760505042308
-605403256505167037
-606029590505131620
-604241447505128984
-605256032505006889
-606212031505124699
-604775774505521693
-603705141505502009
-603620142505555538
-604049085505335849
-604518324505659053
-605447840505670354
-605638686505482569
-605457274505604539
-603564887505712976
-604104861505767670
-603888079505671879
-604871782505678777
-603437235504686719
-605970503504818565
-605113315504689455
-605660910504729305
-604911020504931505
-603178088504426439
-604357179504521401
-603536814504450570
-603547018504607472
-604364364504360217
-606072952504495402
-603575150504241280
-604358576504216589
-603618824504011499
-603612758504228013
-603890343504135027
-603303559504306603
-603209924504052619
-606146046503996665
-604231261503878305
-604320847503935968
-603532124503890375
-605899232505128122
-604635298505295525
-605189982505218498
-605201626505279087
-606075882505313260
-605289478505501090
-603156919505342035
-603140074505321159
-603238441505479881
-604885506505532597
-604201649505452564
-605552070505459000
-604412102505351965
-606181794505575134
-605491811505574188
-605274534505731659
-605417429505704844
-604523859505767542
-603635533505704598
-603771532505680128
-603906763504929490
-606037917504927799
-604342973504549216
-603884974504352317
-604367632504614977
-606034168504538731
-604036433504521133
-604348380504604861
-606082898504156522
-604871341504219843
-604064676504056132
-603724210504091235
-604756342504050397
-604633131504092907
-604972102503903369
-603938683503889215
-605657007503825074
-604730396503840472
-604348965503793921
-606060540503878810
-605552169503914771
-606038924503887617
-604530383505297156
-606142737505072580
-605469051504971880
-603687992505229032
-606191757505115302
-603246483505195576
-605358016505116406
-605503682505456601
-604748616505670873
-605339838505657182
-603503350505513521
-605377083505527308
-604365722505668160
-606220733505330282
-605607322505738777
-603537326505710563
-603695631505706313
-605540995505689555
-605827281504851026
-605341249504963049
-603173541504927816
-604210887504663405
-603712271504909561
-605657033504729294
-605884218504581571
-606025566504461619
-606098368504645043
-605999209504596709
-604153967503990657
-604253674504100218
-604782590504185164
-604647151504290254
-606238648503836717
-605870990503877593
-605239917504971237
-605290537505320886
-603793615505222707
-604307140505275252
-603905618505304819
-606056960505239197
-603536593505065580
-603614268505082086
-605767437505323291
-604116122504980518
-605651033505018381
-605375413504993725
-605426927505346942
-605526140505506197
-604708255505629037
-604424092505354738
-604371981505662443
-605825678505701935
-603471865505759835
-605347846505690321
-603984781505730783
-603932921504936001
-605021537504886210
-605558291504895298
-605024165504690142
-603958341504743474
-605803676504834589
-605953457504727661
-606119770504707650
-604660655504368801
-606103218504641914
-603390212504630373
-606087915504007327
-606071152504225844
-604771028503966235
-606149194504239663
-603485133504240731
-603365528504208475
-603381006504006646
-603242670504024096
-606170142504083872
-604865200503788904
-605224276503811049
-605196916503935518
-604644888505091483
-603633899505220479
-605478391504989955
-604396927505217333
-605793639505199951
-603961802505150671
-604316759504991190
-605962606505451436
-605577040505549061
-604318734505533899
-605567363505574651
-605072859505540658
-604471498505445427
-605134053504865314
-603656308504859845
-603634599504782256
-604244597504666081
-605793964504873944
-603511143504737301
-604252574504684217
-604342733504464990
-603543677504514998
-604688999504533554
-603147862504487271
-603261612504378227
-606097919504597403
-604090025504257711
-604978250504172177
-604838153504052778
-606111193504191678
-606016291503892692
-605169019503884625
-603574754505290706
-604002633505148989
-603386626505116645
-603384744505111085
-605782117505317225
-605819025505129818
-604761122505647208
-605007902505554276
-603586622505393821
-605670387505385801
-605071398505532875
-605743318505326650
-604544086505703567
-606227720505680248
-605347650504956614
-603228136504816173
-603474406504805887
-605619277504859738
-605444916504742600
-603695500504909458
-605596354504805149
-606239482504756324
-604204521504937291
-604539216504344614
-604478696504533780
-604514469504561034
-606181609504396846
-603798912504481653
-603567670503985816
-604350061504106988
-603202856503985774
-606171990504076913
-605078019504129948
-605396608505310485
-606150655505157660
-605632974505037675
-603452715505314433
-603708341505274946
-539076186277054558
-538527692277165068
-539801301275331709
-538489798275229863
-538778780276101276
-538745695276050329
-538950758276115798
-539763736275548180
-540347458275633323
-540518507275522721
-539823004275452543
-540437421275657265
-540358688275484955
-538588746275630691
-539787307275376787
-538621423276534194
-539724376276331111
-540335971276547752
-539900799276467082
-538464734276415788
-539962306276210969
-538883994276465592
-538587422276286614
-540394015276960392
-538778851276625924
-539097978276875535
-539364386276854587
-540033615276734677
-539252653276828441
-539748248277078685
-538786408277039180
-538859932277028319
-539612717275324822
-538934024276101726
-539524614275912595
-538467136275377205
-538360469275424864
-539777576275625635
-538780110275421026
-539049458275564164
-538805334275494534
-538700827276557757
-539451105276284934
-538631046276503554
-538426480276221361
-539127832276218477
-538688115276186379
-539111922276982338
-540246696276834210
-538530323276611168
-539973772276734066
-540409192276970418
-538541237277193879
-540503170277187972
-539481872275368606
-538676996276132749
-538330433276095134
-538852912275844556
-539230013276062854
-539877689275554937
-540502600275509918
-540100042275569916
-538487476275626352
-539855514275416538
-538490428275579979
-540474594275419409
-540575081275413177
-539893512275708678
-539203520275625471
-538888350275404214
-538775688275482387
-539787810275575409
-538828651276477442
-540512729276542405
-539571746276444227
-540444495276542634
-540367969276506997
-539479025276338174
-539411744276329744
-540279841276520417
-538991416276429798
-540551162276229722
-538462975276405844
-539891904276322711
-540003175276447380
-540536441276182400
-539734521276402555
-538347513276634666
-540396641276809044
-538747282276753806
-539769245277219208
-539264013277158377
-539994324275319991
-540466891275329874
-538321194275353412
-539877825275875169
-539586357276029427
-538388053276027622
-540521904275522244
-539123883275623794
-538470813275434966
-540494385275557191
-538628200275413224
-539610622275701720
-538366043275619616
-540531578275487483
-539934771276443009
-538560048276337518
-538546571276221325
-539490810276529621
-538618112276357716
-539634097276299559
-540447181276551117
-539751150276376066
-538850172276912695
-539722562276718843
-540469816276856215
-538527935276883027
-539176952276606416
-538701658277007688
-538575938275903021
-539862854275859110
-539794029275826049
-539298412275479992
-539127319275623331
-538403093275693109
-539558884275713135
-539913320275644994
-539379099275372739
-540053197275588532
-540522180275579634
-538331853275571657
-538908008275550574
-538479429275408102
-538942398275402967
-539602959276549090
-540033713276975424
-540379354276930079
-540126030276714344
-539906125277188817
-539052228277065210
-538415625277049626
-539186487275345970
-539758483276054607
-539560381276040881
-539080302276029640
-539157688275971426
-538342655275963853
-539641350275793601
-538937305275723826
-539392173275745398
-539958955276388368
-538355786276555090
-539108438276190154
-538502126276461401
-539269012276248489
-539551866276318183
-539222137276921817
-540116830276697514
-540076210276695745
-538899001276880449
-539904882277186996
-539599965275340604
-539238290275345501
-539091385275326199
-539510041275316726
-538901389275359458
-539293069275848191
-539552162275961235
-538624949275906217
-539593829275977677
-539627210276110630
-539010098275540915
-540542688275673573
-538459660275673141
-540399225275690024
-538484121275399982
-539264520275664693
-539275130276556889
-539095879276476470
-538458982276517415
-539039562276436756
-538354493276211230
-538970989276491877
-538940330276202978
-540529869276177539
-540183930276721242
-538510329276730542
-538353374276643211
-539401385276854111
-540156377276640651
-538503449276995771
-538691725275234834
-538453831275347362
-540143231275304478
-539445521275287898
-538988283275347185
-538592482275242568
-538793353275852057
-539738664276149506
-539501975275840127
-539521124276015076
-540552995275462840
-538459482275582859
-538527167275540437
-540560393275641810
-539633212275397707
-538449261275684645
-538335566275689150
-540068252276189922
-539568092276530511
-540236457276492255
-538437600276680576
-538848221276944282
-538433091276703973
-539218028276853486
-539843226276790687
